-1024,-1024,-1024,-1024,-1024,-1024,-1024,-1024,-1024,-1024,-1024,-1024,-1024,-1024,-1024,-1024
 -896, -896, -896, -896, -896, -896, -896, -896, -896, -896, -896, -896, -896, -896, -896, -896
 -768, -768, -768, -768, -768, -768, -768, -768, -768, -768, -768, -768, -768, -768, -768, -768
 -640, -640, -640, -640, -640, -640, -640, -640, -640, -640, -640, -640, -640, -640, -640, -640
 -512, -512, -512, -512, -512, -512, -512, -512, -512, -512, -512, -512, -512, -512, -512, -512
 -384, -384, -384, -384, -384, -384, -384, -384, -384, -384, -384, -384, -384, -384, -384, -384
 -256, -256, -256, -256, -256, -256, -256, -256, -256, -256, -256, -256, -256, -256, -256, -256
 -128, -128, -128, -128, -128, -128, -128, -128, -128, -128, -128, -128, -128, -128, -128, -128
    0,    0,    0,    0,    0,    0,    0,    0,    0,    0,    0,    0,    0,    0,    0,    0
  128,  128,  128,  128,  128,  128,  128,  128,  128,  128,  128,  128,  128,  128,  128,  128
  256,  256,  256,  256,  256,  256,  256,  256,  256,  256,  256,  256,  256,  256,  256,  256
  384,  384,  384,  384,  384,  384,  384,  384,  384,  384,  384,  384,  384,  384,  384,  384
  512,  512,  512,  512,  512,  512,  512,  512,  512,  512,  512,  512,  512,  512,  512,  512
  640,  640,  640,  640,  640,  640,  640,  640,  640,  640,  640,  640,  640,  640,  640,  640
  768,  768,  768,  768,  768,  768,  768,  768,  768,  768,  768,  768,  768,  768,  768,  768
  896,  896,  896,  896,  896,  896,  896,  896,  896,  896,  896,  896,  896,  896,  896,  896
 1024, 1024, 1024, 1024, 1024, 1024, 1024, 1024, 1024, 1024, 1024, 1024, 1024, 1024, 1024, 1024
